{
  "asset": {
    "version": "2.0",
    "generator": "THREE.GLTFExporter"
  },
  "scenes": [
    {
      "nodes": [
        0
      ]
    }
  ],
  "scene": 0,
  "nodes": [
    {
      "children": [
        1,
        2,
        3,
        4,
        5,
        6,
        67
      ],
      "matrix": [
        0.01,
        0,
        0,
        0,
        0,
        0.01,
        0,
        0,
        0,
        0,
        0.01,
        0,
        0,
        0,
        0,
        1
      ]
    },
    {
      "matrix": [
        -0.9104129000461048,
        9.020562075079397e-17,
        0.41370079940657767,
        0,
        0.09020731864085083,
        0.9759376751545089,
        0.19851522328939977,
        0,
        -0.40374619638241727,
        0.21804965997224632,
        -0.8885062491016698,
        0,
        -381.331080504906,
        309.47625094594935,
        -867.308186442645,
        1
      ],
      "name": "Camera",
      "camera": 0
    },
    {
      "matrix": [
        0.5249264705438564,
        -0.43297934474162847,
        -0.7327899341212869,
        0,
        0.6363086301974155,
        0.7714345903161777,
        0,
        0,
        0.5652995026166738,
        -0.4662805592031704,
        0.680454930506437,
        0,
        0,
        0,
        0,
        1
      ],
      "name": "Light Main",
      "extensions": {
        "KHR_lights_punctual": {
          "light": 0
        }
      }
    },
    {
      "matrix": [
        0.19510680503180866,
        -0.3578366664398443,
        -0.9131737265063529,
        0,
        -0.8779748072229228,
        -0.4787068391843504,
        0,
        0,
        -0.43714250824205064,
        0.8017435264904531,
        -0.4075705401749501,
        0,
        0,
        0,
        0,
        1
      ],
      "name": "Key Light",
      "extensions": {
        "KHR_lights_punctual": {
          "light": 1
        }
      }
    },
    {
      "matrix": [
        1,
        0,
        0,
        0,
        0,
        2.220446049250313e-16,
        -1,
        0,
        0,
        1,
        2.220446049250313e-16,
        0,
        0,
        0,
        0,
        1
      ],
      "name": "Floor",
      "mesh": 0
    },
    {
      "matrix": [
        -0.9104129000461048,
        6.938893903907228e-18,
        0.41370079940657767,
        0,
        0.09020731864085074,
        0.9759376751545089,
        0.1985152232893998,
        0,
        -0.40374619638241727,
        0.21804965997224635,
        -0.8885062491016698,
        0,
        -401.4567234010398,
        310.4063797762134,
        -888.3786135982771,
        1
      ],
      "camera": 1
    },
    {
      "matrix": [
        1,
        0,
        0,
        0,
        0,
        1,
        0,
        0,
        0,
        0,
        1,
        0,
        0,
        1,
        0,
        1
      ],
      "name": "Default Ambient Light"
    },
    {
      "matrix": [
        1,
        0,
        0,
        0,
        0,
        1,
        0,
        0,
        0,
        0,
        1,
        0,
        62,
        0,
        0,
        1
      ],
      "mesh": 1
    },
    {
      "matrix": [
        0.9945218953682733,
        0,
        0.10452846326765346,
        0,
        0,
        1,
        0,
        0,
        -0.10452846326765346,
        0,
        0.9945218953682733,
        0,
        61.66035751283294,
        0,
        6.480764722594515,
        1
      ],
      "mesh": 1
    },
    {
      "matrix": [
        0.9781476007338057,
        0,
        0.2079116908177593,
        0,
        0,
        1,
        0,
        0,
        -0.2079116908177593,
        0,
        0.9781476007338057,
        0,
        60.645151245495946,
        0,
        12.890524830701075,
        1
      ],
      "mesh": 1
    },
    {
      "matrix": [
        0.9510565162951535,
        0,
        0.30901699437494745,
        0,
        0,
        1,
        0,
        0,
        -0.30901699437494745,
        0,
        0.9510565162951535,
        0,
        58.965504010299526,
        0,
        19.159053651246744,
        1
      ],
      "mesh": 1
    },
    {
      "matrix": [
        0.9135454576426009,
        0,
        0.4067366430758002,
        0,
        0,
        1,
        0,
        0,
        -0.4067366430758002,
        0,
        0.9135454576426009,
        0,
        56.639818373841265,
        0,
        25.21767187069961,
        1
      ],
      "mesh": 1
    },
    {
      "matrix": [
        0.8660254037844387,
        0,
        0.49999999999999994,
        0,
        0,
        1,
        0,
        0,
        -0.49999999999999994,
        0,
        0.8660254037844387,
        0,
        53.6935750346352,
        0,
        30.999999999999996,
        1
      ],
      "mesh": 1
    },
    {
      "matrix": [
        0.8090169943749475,
        0,
        0.587785252292473,
        0,
        0,
        1,
        0,
        0,
        -0.587785252292473,
        0,
        0.8090169943749475,
        0,
        50.15905365124674,
        0,
        36.44268564213333,
        1
      ],
      "mesh": 1
    },
    {
      "matrix": [
        0.7431448254773942,
        0,
        0.6691306063588581,
        0,
        0,
        1,
        0,
        0,
        -0.6691306063588581,
        0,
        0.7431448254773942,
        0,
        46.074979179598444,
        0,
        41.4860975942492,
        1
      ],
      "mesh": 1
    },
    {
      "matrix": [
        0.6691306063588582,
        0,
        0.7431448254773941,
        0,
        0,
        1,
        0,
        0,
        -0.7431448254773941,
        0,
        0.6691306063588582,
        0,
        41.4860975942492,
        0,
        46.07497917959844,
        1
      ],
      "mesh": 1
    },
    {
      "matrix": [
        0.5877852522924731,
        0,
        0.8090169943749473,
        0,
        0,
        1,
        0,
        0,
        -0.8090169943749473,
        0,
        0.5877852522924731,
        0,
        36.44268564213334,
        0,
        50.15905365124674,
        1
      ],
      "mesh": 1
    },
    {
      "matrix": [
        0.5000000000000001,
        0,
        0.8660254037844386,
        0,
        0,
        1,
        0,
        0,
        -0.8660254037844386,
        0,
        0.5000000000000001,
        0,
        31.000000000000014,
        0,
        53.693575034635195,
        1
      ],
      "mesh": 1
    },
    {
      "matrix": [
        0.4067366430758005,
        0,
        0.9135454576426008,
        0,
        0,
        1,
        0,
        0,
        -0.9135454576426008,
        0,
        0.4067366430758005,
        0,
        25.217671870699625,
        0,
        56.639818373841244,
        1
      ],
      "mesh": 1
    },
    {
      "matrix": [
        0.30901699437494745,
        0,
        0.9510565162951536,
        0,
        0,
        1,
        0,
        0,
        -0.9510565162951536,
        0,
        0.30901699437494745,
        0,
        19.159053651246744,
        0,
        58.965504010299526,
        1
      ],
      "mesh": 1
    },
    {
      "matrix": [
        0.2079116908177595,
        0,
        0.9781476007338056,
        0,
        0,
        1,
        0,
        0,
        -0.9781476007338056,
        0,
        0.2079116908177595,
        0,
        12.890524830701086,
        0,
        60.645151245495946,
        1
      ],
      "mesh": 1
    },
    {
      "matrix": [
        0.10452846326765375,
        0,
        0.9945218953682734,
        0,
        0,
        1,
        0,
        0,
        -0.9945218953682734,
        0,
        0.10452846326765375,
        0,
        6.480764722594532,
        0,
        61.66035751283295,
        1
      ],
      "mesh": 1
    },
    {
      "matrix": [
        2.220446049250313e-16,
        0,
        1,
        0,
        0,
        1,
        0,
        0,
        -1,
        0,
        2.220446049250313e-16,
        0,
        1.3766765505351941e-14,
        0,
        62,
        1
      ],
      "mesh": 1
    },
    {
      "matrix": [
        -0.10452846326765353,
        0,
        0.9945218953682734,
        0,
        0,
        1,
        0,
        0,
        -0.9945218953682734,
        0,
        -0.10452846326765353,
        0,
        -6.4807647225945155,
        0,
        61.66035751283295,
        1
      ],
      "mesh": 1
    },
    {
      "matrix": [
        -0.20791169081775895,
        0,
        0.9781476007338056,
        0,
        0,
        1,
        0,
        0,
        -0.9781476007338056,
        0,
        -0.20791169081775895,
        0,
        -12.890524830701063,
        0,
        60.645151245495946,
        1
      ],
      "mesh": 1
    },
    {
      "matrix": [
        -0.30901699437494745,
        0,
        0.9510565162951536,
        0,
        0,
        1,
        0,
        0,
        -0.9510565162951536,
        0,
        -0.30901699437494745,
        0,
        -19.159053651246744,
        0,
        58.965504010299526,
        1
      ],
      "mesh": 1
    },
    {
      "matrix": [
        -0.40673664307579993,
        0,
        0.913545457642601,
        0,
        0,
        1,
        0,
        0,
        -0.913545457642601,
        0,
        -0.40673664307579993,
        0,
        -25.217671870699597,
        0,
        56.63981837384126,
        1
      ],
      "mesh": 1
    },
    {
      "matrix": [
        -0.4999999999999998,
        0,
        0.8660254037844388,
        0,
        0,
        1,
        0,
        0,
        -0.8660254037844388,
        0,
        -0.4999999999999998,
        0,
        -30.999999999999986,
        0,
        53.69357503463521,
        1
      ],
      "mesh": 1
    },
    {
      "matrix": [
        -0.5877852522924729,
        0,
        0.8090169943749473,
        0,
        0,
        1,
        0,
        0,
        -0.8090169943749473,
        0,
        -0.5877852522924729,
        0,
        -36.44268564213333,
        0,
        50.15905365124674,
        1
      ],
      "mesh": 1
    },
    {
      "matrix": [
        -0.669130606358858,
        0,
        0.7431448254773945,
        0,
        0,
        1,
        0,
        0,
        -0.7431448254773945,
        0,
        -0.669130606358858,
        0,
        -41.486097594249195,
        0,
        46.07497917959846,
        1
      ],
      "mesh": 1
    },
    {
      "matrix": [
        -0.7431448254773942,
        0,
        0.6691306063588585,
        0,
        0,
        1,
        0,
        0,
        -0.6691306063588585,
        0,
        -0.7431448254773942,
        0,
        -46.07497917959844,
        0,
        41.48609759424922,
        1
      ],
      "mesh": 1
    },
    {
      "matrix": [
        -0.8090169943749472,
        0,
        0.5877852522924731,
        0,
        0,
        1,
        0,
        0,
        -0.5877852522924731,
        0,
        -0.8090169943749472,
        0,
        -50.15905365124674,
        0,
        36.442685642133334,
        1
      ],
      "mesh": 1
    },
    {
      "matrix": [
        -0.8660254037844384,
        0,
        0.5000000000000003,
        0,
        0,
        1,
        0,
        0,
        -0.5000000000000003,
        0,
        -0.8660254037844384,
        0,
        -53.69357503463518,
        0,
        31.00000000000002,
        1
      ],
      "mesh": 1
    },
    {
      "matrix": [
        -0.9135454576426008,
        0,
        0.40673664307580043,
        0,
        0,
        1,
        0,
        0,
        -0.40673664307580043,
        0,
        -0.9135454576426008,
        0,
        -56.639818373841244,
        0,
        25.217671870699625,
        1
      ],
      "mesh": 1
    },
    {
      "matrix": [
        -0.9510565162951536,
        0,
        0.30901699437494756,
        0,
        0,
        1,
        0,
        0,
        -0.30901699437494756,
        0,
        -0.9510565162951536,
        0,
        -58.965504010299526,
        0,
        19.159053651246747,
        1
      ],
      "mesh": 1
    },
    {
      "matrix": [
        -0.9781476007338055,
        0,
        0.20791169081775973,
        0,
        0,
        1,
        0,
        0,
        -0.20791169081775973,
        0,
        -0.9781476007338055,
        0,
        -60.64515124549594,
        0,
        12.890524830701104,
        1
      ],
      "mesh": 1
    },
    {
      "matrix": [
        -0.9945218953682731,
        0,
        0.10452846326765373,
        0,
        0,
        1,
        0,
        0,
        -0.10452846326765373,
        0,
        -0.9945218953682731,
        0,
        -61.66035751283294,
        0,
        6.4807647225945315,
        1
      ],
      "mesh": 1
    },
    {
      "matrix": [
        -1,
        0,
        1.2246467991473532e-16,
        0,
        0,
        1,
        0,
        0,
        -1.2246467991473532e-16,
        0,
        -1,
        0,
        -62,
        0,
        7.59281015471359e-15,
        1
      ],
      "mesh": 1
    },
    {
      "matrix": [
        -0.9945218953682731,
        0,
        -0.10452846326765304,
        0,
        0,
        1,
        0,
        0,
        0.10452846326765304,
        0,
        -0.9945218953682731,
        0,
        -61.66035751283294,
        0,
        -6.480764722594489,
        1
      ],
      "mesh": 1
    },
    {
      "matrix": [
        -0.9781476007338059,
        0,
        -0.20791169081775907,
        0,
        0,
        1,
        0,
        0,
        0.20791169081775907,
        0,
        -0.9781476007338059,
        0,
        -60.64515124549596,
        0,
        -12.890524830701063,
        1
      ],
      "mesh": 1
    },
    {
      "matrix": [
        -0.9510565162951536,
        0,
        -0.30901699437494734,
        0,
        0,
        1,
        0,
        0,
        0.30901699437494734,
        0,
        -0.9510565162951536,
        0,
        -58.965504010299526,
        0,
        -19.159053651246737,
        1
      ],
      "mesh": 1
    },
    {
      "matrix": [
        -0.9135454576426012,
        0,
        -0.4067366430757998,
        0,
        0,
        1,
        0,
        0,
        0.4067366430757998,
        0,
        -0.9135454576426012,
        0,
        -56.639818373841265,
        0,
        -25.21767187069959,
        1
      ],
      "mesh": 1
    },
    {
      "matrix": [
        -0.8660254037844388,
        0,
        -0.4999999999999998,
        0,
        0,
        1,
        0,
        0,
        0.4999999999999998,
        0,
        -0.8660254037844388,
        0,
        -53.69357503463521,
        0,
        -30.999999999999986,
        1
      ],
      "mesh": 1
    },
    {
      "matrix": [
        -0.8090169943749477,
        0,
        -0.587785252292473,
        0,
        0,
        1,
        0,
        0,
        0.587785252292473,
        0,
        -0.8090169943749477,
        0,
        -50.15905365124675,
        0,
        -36.44268564213333,
        1
      ],
      "mesh": 1
    },
    {
      "matrix": [
        -0.7431448254773947,
        0,
        -0.6691306063588579,
        0,
        0,
        1,
        0,
        0,
        0.6691306063588579,
        0,
        -0.7431448254773947,
        0,
        -46.07497917959847,
        0,
        -41.48609759424919,
        1
      ],
      "mesh": 1
    },
    {
      "matrix": [
        -0.6691306063588585,
        0,
        -0.743144825477394,
        0,
        0,
        1,
        0,
        0,
        0.743144825477394,
        0,
        -0.6691306063588585,
        0,
        -41.48609759424922,
        0,
        -46.07497917959843,
        1
      ],
      "mesh": 1
    },
    {
      "matrix": [
        -0.5877852522924734,
        0,
        -0.8090169943749472,
        0,
        0,
        1,
        0,
        0,
        0.8090169943749472,
        0,
        -0.5877852522924734,
        0,
        -36.44268564213335,
        0,
        -50.15905365124673,
        1
      ],
      "mesh": 1
    },
    {
      "matrix": [
        -0.5000000000000002,
        0,
        -0.8660254037844384,
        0,
        0,
        1,
        0,
        0,
        0.8660254037844384,
        0,
        -0.5000000000000002,
        0,
        -31.00000000000002,
        0,
        -53.69357503463518,
        1
      ],
      "mesh": 1
    },
    {
      "matrix": [
        -0.40673664307580104,
        0,
        -0.9135454576426006,
        0,
        0,
        1,
        0,
        0,
        0.9135454576426006,
        0,
        -0.40673664307580104,
        0,
        -25.21767187069966,
        0,
        -56.63981837384124,
        1
      ],
      "mesh": 1
    },
    {
      "matrix": [
        -0.30901699437494745,
        0,
        -0.9510565162951534,
        0,
        0,
        1,
        0,
        0,
        0.9510565162951534,
        0,
        -0.30901699437494745,
        0,
        -19.159053651246747,
        0,
        -58.96550401029951,
        1
      ],
      "mesh": 1
    },
    {
      "matrix": [
        -0.20791169081775984,
        0,
        -0.9781476007338056,
        0,
        0,
        1,
        0,
        0,
        0.9781476007338056,
        0,
        -0.20791169081775984,
        0,
        -12.890524830701107,
        0,
        -60.645151245495946,
        1
      ],
      "mesh": 1
    },
    {
      "matrix": [
        -0.10452846326765419,
        0,
        -0.9945218953682732,
        0,
        0,
        1,
        0,
        0,
        0.9945218953682732,
        0,
        -0.10452846326765419,
        0,
        -6.4807647225945635,
        0,
        -61.66035751283294,
        1
      ],
      "mesh": 1
    },
    {
      "matrix": [
        -2.220446049250313e-16,
        0,
        -1,
        0,
        0,
        1,
        0,
        0,
        1,
        0,
        -2.220446049250313e-16,
        0,
        -1.3766765505351941e-14,
        0,
        -62,
        1
      ],
      "mesh": 1
    },
    {
      "matrix": [
        0.10452846326765308,
        0,
        -0.9945218953682733,
        0,
        0,
        1,
        0,
        0,
        0.9945218953682733,
        0,
        0.10452846326765308,
        0,
        6.480764722594484,
        0,
        -61.660357512832945,
        1
      ],
      "mesh": 1
    },
    {
      "matrix": [
        0.20791169081775862,
        0,
        -0.9781476007338058,
        0,
        0,
        1,
        0,
        0,
        0.9781476007338058,
        0,
        0.20791169081775862,
        0,
        12.890524830701038,
        0,
        -60.64515124549596,
        1
      ],
      "mesh": 1
    },
    {
      "matrix": [
        0.3090169943749471,
        0,
        -0.9510565162951536,
        0,
        0,
        1,
        0,
        0,
        0.9510565162951536,
        0,
        0.3090169943749471,
        0,
        19.159053651246726,
        0,
        -58.965504010299526,
        1
      ],
      "mesh": 1
    },
    {
      "matrix": [
        0.4067366430757997,
        0,
        -0.9135454576426012,
        0,
        0,
        1,
        0,
        0,
        0.9135454576426012,
        0,
        0.4067366430757997,
        0,
        25.21767187069959,
        0,
        -56.63981837384127,
        1
      ],
      "mesh": 1
    },
    {
      "matrix": [
        0.49999999999999933,
        0,
        -0.866025403784439,
        0,
        0,
        1,
        0,
        0,
        0.866025403784439,
        0,
        0.49999999999999933,
        0,
        30.999999999999957,
        0,
        -53.693575034635224,
        1
      ],
      "mesh": 1
    },
    {
      "matrix": [
        0.587785252292473,
        0,
        -0.8090169943749475,
        0,
        0,
        1,
        0,
        0,
        0.8090169943749475,
        0,
        0.587785252292473,
        0,
        36.44268564213332,
        0,
        -50.159053651246744,
        1
      ],
      "mesh": 1
    },
    {
      "matrix": [
        0.6691306063588578,
        0,
        -0.7431448254773946,
        0,
        0,
        1,
        0,
        0,
        0.7431448254773946,
        0,
        0.6691306063588578,
        0,
        41.48609759424918,
        0,
        -46.074979179598465,
        1
      ],
      "mesh": 1
    },
    {
      "matrix": [
        0.7431448254773937,
        0,
        -0.6691306063588588,
        0,
        0,
        1,
        0,
        0,
        0.6691306063588588,
        0,
        0.7431448254773937,
        0,
        46.074979179598415,
        0,
        -41.486097594249244,
        1
      ],
      "mesh": 1
    },
    {
      "matrix": [
        0.8090169943749473,
        0,
        -0.5877852522924732,
        0,
        0,
        1,
        0,
        0,
        0.5877852522924732,
        0,
        0.8090169943749473,
        0,
        50.15905365124673,
        0,
        -36.44268564213334,
        1
      ],
      "mesh": 1
    },
    {
      "matrix": [
        0.8660254037844384,
        0,
        -0.5000000000000004,
        0,
        0,
        1,
        0,
        0,
        0.5000000000000004,
        0,
        0.8660254037844384,
        0,
        53.69357503463518,
        0,
        -31.00000000000003,
        1
      ],
      "mesh": 1
    },
    {
      "matrix": [
        0.9135454576426005,
        0,
        -0.40673664307580093,
        0,
        0,
        1,
        0,
        0,
        0.40673664307580093,
        0,
        0.9135454576426005,
        0,
        56.63981837384124,
        0,
        -25.217671870699657,
        1
      ],
      "mesh": 1
    },
    {
      "matrix": [
        0.9510565162951535,
        0,
        -0.3090169943749476,
        0,
        0,
        1,
        0,
        0,
        0.3090169943749476,
        0,
        0.9510565162951535,
        0,
        58.965504010299505,
        0,
        -19.15905365124675,
        1
      ],
      "mesh": 1
    },
    {
      "matrix": [
        0.9781476007338056,
        0,
        -0.20791169081775984,
        0,
        0,
        1,
        0,
        0,
        0.20791169081775984,
        0,
        0.9781476007338056,
        0,
        60.64515124549594,
        0,
        -12.89052483070111,
        1
      ],
      "mesh": 1
    },
    {
      "matrix": [
        0.9945218953682733,
        0,
        -0.1045284632676543,
        0,
        0,
        1,
        0,
        0,
        0.1045284632676543,
        0,
        0.9945218953682733,
        0,
        61.66035751283294,
        0,
        -6.480764722594567,
        1
      ],
      "mesh": 1
    },
    {
      "matrix": [
        0.9929594627801385,
        -0.08731190374592324,
        0.0800508384693212,
        0,
        0.10448693683104013,
        0.9639598234140481,
        -0.24467108303848162,
        0,
        -0.055803094063366664,
        0.2513127340741411,
        0.9662959817701484,
        0,
        -9.935870816330212,
        83.15305646982333,
        -13.995012506751612,
        1
      ],
      "children": [
        7,
        8,
        9,
        10,
        11,
        12,
        13,
        14,
        15,
        16,
        17,
        18,
        19,
        20,
        21,
        22,
        23,
        24,
        25,
        26,
        27,
        28,
        29,
        30,
        31,
        32,
        33,
        34,
        35,
        36,
        37,
        38,
        39,
        40,
        41,
        42,
        43,
        44,
        45,
        46,
        47,
        48,
        49,
        50,
        51,
        52,
        53,
        54,
        55,
        56,
        57,
        58,
        59,
        60,
        61,
        62,
        63,
        64,
        65,
        66
      ]
    }
  ],
  "cameras": [
    {
      "type": "orthographic",
      "orthographic": {
        "xmag": 1.8802228412256268,
        "ymag": 1.6666666666666665,
        "zfar": 100000,
        "znear": 0
      },
      "name": "Camera"
    },
    {
      "type": "orthographic",
      "orthographic": {
        "xmag": 1.9750836654178956,
        "ymag": 1.7507531750247518,
        "zfar": 100000,
        "znear": 0
      }
    }
  ],
  "extensions": {
    "KHR_lights_punctual": {
      "lights": [
        {
          "name": "Light Main",
          "color": [
            1,
            1,
            1
          ],
          "intensity": 1,
          "type": "directional"
        },
        {
          "name": "Key Light",
          "color": [
            1,
            1,
            1
          ],
          "intensity": 0.2,
          "type": "directional"
        }
      ]
    }
  },
  "bufferViews": [
    {
      "buffer": 0,
      "byteOffset": 0,
      "byteLength": 48,
      "target": 34962,
      "byteStride": 12
    },
    {
      "buffer": 0,
      "byteOffset": 48,
      "byteLength": 48,
      "target": 34962,
      "byteStride": 12
    },
    {
      "buffer": 0,
      "byteOffset": 96,
      "byteLength": 32,
      "target": 34962,
      "byteStride": 8
    },
    {
      "buffer": 0,
      "byteOffset": 128,
      "byteLength": 24,
      "target": 34963
    },
    {
      "buffer": 0,
      "byteOffset": 152,
      "byteLength": 12600,
      "target": 34962,
      "byteStride": 12
    },
    {
      "buffer": 0,
      "byteOffset": 12752,
      "byteLength": 12600,
      "target": 34962,
      "byteStride": 12
    },
    {
      "buffer": 0,
      "byteOffset": 25352,
      "byteLength": 8400,
      "target": 34962,
      "byteStride": 8
    },
    {
      "buffer": 0,
      "byteOffset": 33752,
      "byteLength": 11760,
      "target": 34963
    }
  ],
  "buffers": [
    {
      "byteLength": 45512,
